1:['1258 1 0 897 174 7253 1 629 500 0 0 1', 83.08, 54, 23, 77]
2:['867 1 1 1774 101 2204 0 499 499 1 0 1', 83.08, 54, 24, 78]
3:['775 1 1 942 311 1504 1 540 500 1 0 1', 83.08, 54, 24, 78]
4:['1206 1 0 5140 355 730 2 980 693 2 2 0', 76.92, 50, 19, 69]
5:['675 1 0 300 599 424 2 700 640 1 0 1', 83.08, 54, 23, 77]
6:['700 1 1 400 300 600 2 100 500 0 1 1', 76.92, 50, 20, 70]
7:['906 0 0 4284 439 111 2 740 740 0 1 1', 46.15, 30, 4, 34]
8:['798 1 1 2071 49 307 0 849 904 1 2 0', 83.08, 54, 25, 79]
9:['1078 1 1 581 567 655 0 1 1', 12.31, 8, 1, 9]
10:['799 0 1 5588 485 211 0 399 499 0 0 1', 46.15, 30, 5, 35]
11:['934 1 1 233 500 335 0 845 400 0 1 1', 83.08, 54, 24, 78]
12:['907 1 0 560 342 601 3 961 399 2 2 1', 78.46, 51, 23, 74]
13:['830 1 0 -1 473 631 3 22 0 0 2 1', 78.46, 51, 23, 74]
14:['709 1 1 686 483 672 1 465 475 1 2 1', 76.92, 50, 20, 70]
